1	8	1e-11	11.9405839111594	6.92389110421365	0.822357717481083
2	8	1e-11	13.6279947046498	9.2258771211278	0.818912698434586
3	8	1e-11	20.547794359089	21.7591651541112	0.689291398269383
4	8	1e-11	11.8515463922589	13.1534989517275	0.924764445310972
5	8	1e-11	8.67628606606796	6.92401989014665	0.872093494590365
6	8	1e-11	13.3492016503257	6.92315711284288	0.859504154725628
7	8	1e-11	7.30766321471961	-0.838535312980338	0.769352989754388
8	8	1e-11	8.80315346482621	8.96156683723155	0.795923999653389
9	8	1e-11	14.614257491107	16.7583358371571	0.815633376478663
10	8	1e-11	17.5523043061822	7.45423465693016	0.911445558462334
11	8	1e-11	11.9616678313645	6.04329841022197	0.818654250610344
12	8	1e-11	14.0260824523286	9.05894196814243	0.81790902313216
1	8	1e-05	11.9405839111594	6.92306680998481	0.822357723954551
2	8	1e-05	13.6279947046498	9.22572843124176	0.818912686960287
3	8	1e-05	20.547794359089	21.751564688576	0.689291370969047
4	8	1e-05	11.8515463922589	13.1534100483259	0.924764448092916
5	8	1e-05	8.67628606606796	6.92472987489036	0.872093465333525
6	8	1e-05	13.3492016503257	6.92396804686816	0.859504120128047
7	8	1e-05	7.30766321471961	-0.837787529547783	0.769352969117559
8	8	1e-05	8.80315346482621	8.96561432397549	0.795924022011939
9	8	1e-05	14.614257491107	16.7529775907494	0.815633343193553
10	8	1e-05	17.5523043061822	7.45471606704361	0.911445547172683
11	8	1e-05	11.9616678313645	6.04322258429424	0.818654239577722
12	8	1e-05	14.0260824523286	9.05782273775482	0.817908994863222
1	8	0.001	11.9405839111594	6.85359843532864	0.822331414973704
2	8	0.001	13.6279947046498	9.20450643980211	0.818906381507974
3	8	0.001	20.547794359089	5.04997830240378	0.689282690524131
4	8	0.001	11.8515463922589	13.0907704928014	0.924738984046894
5	8	0.001	8.67628606606796	6.85145720501368	0.872061761069235
6	8	0.001	13.3492016503257	6.85374237188388	0.859477843691082
7	8	0.001	7.30766321471961	-1.84275425527183	0.769346216879014
8	8	0.001	8.80315346482621	9.90122628995109	0.795921941962728
9	8	0.001	14.614257491107	16.1041920369254	0.815631736461849
10	8	0.001	17.5523043061822	7.38287214229852	0.911415266013027
11	8	0.001	11.9616678313645	3.52991561510021	0.818629558292491
12	8	0.001	14.0260824523286	4.87513992481261	0.817902950461441
1	8	0.2	11.9405839111594	3.10627261917349	0.734112021478182
2	8	0.2	13.6279947046498	4.85691675938527	0.704827949705073
3	8	0.2	20.547794359089	3.68020615083003	0.675988485112673
4	8	0.2	11.8515463922589	7.66059705661187	0.806479268919974
5	8	0.2	8.67628606606796	3.10619646236981	0.774537836227519
6	8	0.2	13.3492016503257	3.10627235772677	0.76916285200222
7	8	0.2	7.30766321471961	0.160395651992445	0.652556641562632
8	8	0.2	8.80315346482621	11.3209987632438	0.733926702038457
9	8	0.2	14.614257491107	7.1801560642025	0.731511032785278
10	8	0.2	17.5523043061822	4.72211349786544	0.811645572891711
11	8	0.2	11.9616678313645	-2.38235486063293	0.73081857518907
12	8	0.2	14.0260824523286	6.4611154354601	0.732524662583902
1	8	0.4	11.9405839111594	2.35087490512069	0.579411521622371
2	8	0.4	13.6279947046498	2.88243855140639	0.531975177609429
3	8	0.4	20.547794359089	2.82733025347374	0.627326572860406
4	8	0.4	11.8515463922589	6.44635505408698	0.725483644185195
5	8	0.4	8.67628606606796	2.35086606344129	0.601060679614027
6	8	0.4	13.3492016503257	2.35088308000698	0.610906799654825
7	8	0.4	7.30766321471961	1.59757479025796	0.328435041230226
8	8	0.4	8.80315346482621	10.0183389393077	0.546145683615585
9	8	0.4	14.614257491107	5.26472065237509	0.580681236017053
10	8	0.4	17.5523043061822	3.69341508790351	0.634509219996464
11	8	0.4	11.9616678313645	2.70381630812553	0.576379018324472
12	8	0.4	14.0260824523286	5.49663605619574	0.589173665711022
1	8	0.5	11.9405839111594	2.3507259620727	0.519101855838553
2	8	0.5	13.6279947046498	2.53883607441136	0.451826188900417
3	8	0.5	20.547794359089	2.32700070105944	0.535073087858193
4	8	0.5	11.8515463922589	5.89596228315264	0.644428165132764
5	8	0.5	8.67628606606796	2.35028102029828	0.532925061290222
6	8	0.5	13.3492016503257	2.35105551360127	0.547905119342973
7	8	0.5	7.30766321471961	2.21639753202506	0.197675984561261
8	8	0.5	8.80315346482621	7.81365987486583	0.469598387883507
9	8	0.5	14.614257491107	4.75571562731204	0.520641428431106
10	8	0.5	17.5523043061822	3.55288150372228	0.475849850615759
11	8	0.5	11.9616678313645	1.04448876670858	0.500080770093474
12	8	0.5	14.0260824523286	4.99651432000535	0.538097109329373
1	8	0.6	11.9405839111594	2.3098958718701	0.427766007588933
2	8	0.6	13.6279947046498	2.19448046033496	0.333843374638361
3	8	0.6	20.547794359089	1.82694790849097	0.24576485116219
4	8	0.6	11.8515463922589	5.38614412924878	0.538873775837939
5	8	0.6	8.67628606606796	2.3094781303925	0.42488049487085
6	8	0.6	13.3492016503257	2.31020826259259	0.456495780729481
7	8	0.6	7.30766321471961	2.14491693211663	0.17369939261846
8	8	0.6	8.80315346482621	6.51248269702533	0.421011156149541
9	8	0.6	14.614257491107	4.25521327659014	0.415966773358812
10	8	0.6	17.5523043061822	3.05273660971923	0.32987534888704
11	8	0.6	11.9616678313645	1.68868349307581	0.386069380007873
12	8	0.6	14.0260824523286	4.49594210015802	0.437622358340747
1	8	1	11.9405839111594	1.76744795003555	0.228721043918452
2	8	1	13.6279947046498	1.41203713832136	0.282354490044542
3	8	1	20.547794359089	0.261106592181716	0.0653971874127277
4	8	1	11.8515463922589	3.5320283124157	0.280037726679895
5	8	1	8.67628606606796	1.76704664682493	0.164077241516192
6	8	1	13.3492016503257	1.76769513906482	0.265734546870316
7	8	1	7.30766321471961	1.42653403261121	0.142327591510907
8	8	1	8.80315346482621	4.75186357272896	0.420058249716706
9	8	1	14.614257491107	2.42647951714656	0.20835005923038
10	8	1	17.5523043061822	1.25072226177933	0.153770226301281
11	8	1	11.9616678313645	1.41199065302439	0.229267516356234
12	8	1	14.0260824523286	2.66170824577234	0.221033188239711
1	8	2	11.9405839111594	0	NaN
2	8	2	13.6279947046498	0	0.158322504886194
3	8	2	20.547794359089	0	NaN
4	8	2	11.8515463922589	0	NaN
5	8	2	8.67628606606796	0.370076272639863	0.15754425904678
6	8	2	13.3492016503257	0	0.0995983687189167
7	8	2	7.30766321471961	0.0512497794496481	0.142327591510907
8	8	2	8.80315346482621	0.354190837143408	0.154639945850428
9	8	2	14.614257491107	0	NaN
10	8	2	17.5523043061822	0	NaN
11	8	2	11.9616678313645	0	0.097350613574622
12	8	2	14.0260824523286	0	NaN
1	8	3	11.9405839111594	0	NaN
2	8	3	13.6279947046498	0	0.158322504886194
3	8	3	20.547794359089	0	NaN
4	8	3	11.8515463922589	0	NaN
5	8	3	8.67628606606796	0	NaN
6	8	3	13.3492016503257	0	NaN
7	8	3	7.30766321471961	0	NaN
8	8	3	8.80315346482621	0	NaN
9	8	3	14.614257491107	0	NaN
10	8	3	17.5523043061822	0	NaN
11	8	3	11.9616678313645	0	NaN
12	8	3	14.0260824523286	0	NaN
1	8	10	11.9405839111594	0	NaN
2	8	10	13.6279947046498	0	NaN
3	8	10	20.547794359089	0	NaN
4	8	10	11.8515463922589	0	NaN
5	8	10	8.67628606606796	0	NaN
6	8	10	13.3492016503257	0	NaN
7	8	10	7.30766321471961	0	NaN
8	8	10	8.80315346482621	0	NaN
9	8	10	14.614257491107	0	NaN
10	8	10	17.5523043061822	0	NaN
11	8	10	11.9616678313645	0	NaN
12	8	10	14.0260824523286	0	NaN
1	14	1e-11	11.9405839111594	8.25997229020007	0.764746034393392
2	14	1e-11	13.6279947046498	17.848337028493	0.917683993581527
3	14	1e-11	20.547794359089	11.0738593388286	0.858762559964004
4	14	1e-11	11.8515463922589	33.2793272781979	0.760701807334393
5	14	1e-11	8.67628606606796	9.71617392744789	0.806730532675506
6	14	1e-11	13.3492016503257	7.63157542243038	0.802134559957877
7	14	1e-11	7.30766321471961	6.71821415387291	0.705396033974258
8	14	1e-11	8.80315346482621	5.31137185097028	0.739335013484444
9	14	1e-11	14.614257491107	4.82075222591022	0.757078012304062
10	14	1e-11	17.5523043061822	3.8323804735442	0.718339169264936
11	14	1e-11	11.9616678313645	8.79714997327466	0.761058192659432
12	14	1e-11	14.0260824523286	9.05306749682579	0.760076280160674
1	14	1e-05	11.9405839111594	8.25905219163482	0.764746034765778
2	14	1e-05	13.6279947046498	17.8470583913199	0.917683993954082
3	14	1e-05	20.547794359089	11.0732700448078	0.858762519321998
4	14	1e-05	11.8515463922589	33.2767448932815	0.760701795310366
5	14	1e-05	8.67628606606796	9.71529801740444	0.806730533454218
6	14	1e-05	13.3492016503257	7.63068368090186	0.802134548673266
7	14	1e-05	7.30766321471961	6.71727850519109	0.705396034625469
8	14	1e-05	8.80315346482621	5.31041936829082	0.739335013988161
9	14	1e-05	14.614257491107	4.82138608702271	0.757078012898723
10	14	1e-05	17.5523043061822	3.82948236059344	0.718339159098855
11	14	1e-05	11.9616678313645	8.79647740392339	0.761058192233373
12	14	1e-05	14.0260824523286	9.05598188736914	0.760076281112057
1	14	0.001	11.9405839111594	2.44069105246823	0.764740306207
2	14	0.001	13.6279947046498	14.4086901522562	0.917678213749955
3	14	0.001	20.547794359089	2.30495138631666	0.858760158727797
4	14	0.001	11.8515463922589	5.85723784335238	0.760696871346665
5	14	0.001	8.67628606606796	2.44069164370284	0.80672418295825
6	14	0.001	13.3492016503257	2.44069159134011	0.802128749277779
7	14	0.001	7.30766321471961	-0.562049775110778	0.70538949754909
8	14	0.001	8.80315346482621	-1.56300345791762	0.739328674094665
9	14	0.001	14.614257491107	5.58312180808504	0.757068620436164
10	14	0.001	17.5523043061822	2.57374530758872e-12	0.718339020125228
11	14	0.001	11.9616678313645	4.8923991928219	0.761052963931438
12	14	0.001	14.0260824523286	2.39861924798976	0.760070780817232
1	14	0.2	11.9405839111594	0	0.724042676401596
2	14	0.2	13.6279947046498	5.13225900720803	0.807003040322528
3	14	0.2	20.547794359089	2.20595394120271	0.763037859857229
4	14	0.2	11.8515463922589	1.35677375211344	0.72182872078915
5	14	0.2	8.67628606606796	0	0.762758475871454
6	14	0.2	13.3492016503257	0	0.759420871114424
7	14	0.2	7.30766321471961	-1.14197540993309	0.636081283343133
8	14	0.2	8.80315346482621	-2.17695378742468	0.689614090189359
9	14	0.2	14.614257491107	4.32214985761166	0.745957461169498
10	14	0.2	17.5523043061822	-0.1514956250624	0.687403636399578
11	14	0.2	11.9616678313645	2.1421241019608	0.722214290854294
12	14	0.2	14.0260824523286	0.940282016439587	0.722289553422154
1	14	0.4	11.9405839111594	0	0.693485461372848
2	14	0.4	13.6279947046498	3.18869051804877	0.755604059038742
3	14	0.4	20.547794359089	1.4332696734246	0.738362910254278
4	14	0.4	11.8515463922589	1.35701842393137	0.692684888462716
5	14	0.4	8.67628606606796	0	0.741978429671462
6	14	0.4	13.3492016503257	0	0.716533224849745
7	14	0.4	7.30766321471961	0.719500740292648	0.467509701942601
8	14	0.4	8.80315346482621	-0.315529085509601	0.594689711731784
9	14	0.4	14.614257491107	2.89878994620692	0.704632691054554
10	14	0.4	17.5523043061822	5.87724313660942e-15	0.649242785104209
11	14	0.4	11.9616678313645	2.14240442781554	0.692982359434833
12	14	0.4	14.0260824523286	0.940338532994109	0.713028304529087
1	14	0.5	11.9405839111594	0	0.660498910650914
2	14	0.5	13.6279947046498	2.52843501073862	0.711203878887631
3	14	0.5	20.547794359089	0.883269661153813	0.687889284696252
4	14	0.5	11.8515463922589	1.39546714651706	0.656309146305753
5	14	0.5	8.67628606606796	0	0.725616329448877
6	14	0.5	13.3492016503257	0	0.668227240878444
7	14	0.5	7.30766321471961	1.61777283053396	0.261650947326771
8	14	0.5	8.80315346482621	0.58974567797686	0.455437049479679
9	14	0.5	14.614257491107	2.30422247992206	0.675639653892353
10	14	0.5	17.5523043061822	3.51108031537706e-15	0.629202636131535
11	14	0.5	11.9616678313645	2.18054859724367	0.656510235027076
12	14	0.5	14.0260824523286	0.94034798800462	0.695607099956576
1	14	0.6	11.9405839111594	0	0.607848440713217
2	14	0.6	13.6279947046498	1.97841065208666	0.660357659662559
3	14	0.6	20.547794359089	0.416731918765992	0.441039894394391
4	14	0.6	11.8515463922589	1.5053756433134	0.60257460707079
5	14	0.6	8.67628606606796	0	0.720648572404654
6	14	0.6	13.3492016503257	0	0.588430343181917
7	14	0.6	7.30766321471961	1.97660604864771	0.142327591510907
8	14	0.6	8.80315346482621	1.48341214164324	0.194158154801002
9	14	0.6	14.614257491107	1.75426852874059	0.619037169959371
10	14	0.6	17.5523043061822	4.57966997657877e-16	0.531106328559952
11	14	0.6	11.9616678313645	1.61663484588596	0.602622191538888
12	14	0.6	14.0260824523286	0.940387624305146	0.642694926409926
1	14	1	11.9405839111594	0	0.0592452486373632
2	14	1	13.6279947046498	0.636322528120529	0.0575994916735503
3	14	1	20.547794359089	0	NaN
4	14	1	11.8515463922589	0.858412584557534	0.071229336240736
5	14	1	8.67628606606796	0	NaN
6	14	1	13.3492016503257	0	0.0995983687189166
7	14	1	7.30766321471961	1.42651423040257	0.142327591510907
8	14	1	8.80315346482621	1.23955407412298	0.109683429977556
9	14	1	14.614257491107	0.513039471600896	0.051672972361966
10	14	1	17.5523043061822	0	0.0388690399472676
11	14	1	11.9616678313645	0.844592423589039	0.0702491183658558
12	14	1	14.0260824523286	0.586528207367344	0.0550879140669494
1	14	2	11.9405839111594	0	NaN
2	14	2	13.6279947046498	0	NaN
3	14	2	20.547794359089	0	NaN
4	14	2	11.8515463922589	0	NaN
5	14	2	8.67628606606796	0	NaN
6	14	2	13.3492016503257	0	0.0995983687189167
7	14	2	7.30766321471961	0.0512663765620402	0.142327591510907
8	14	2	8.80315346482621	0	NaN
9	14	2	14.614257491107	0	NaN
10	14	2	17.5523043061822	0	NaN
11	14	2	11.9616678313645	0	NaN
12	14	2	14.0260824523286	0	NaN
1	14	3	11.9405839111594	0	NaN
2	14	3	13.6279947046498	0	NaN
3	14	3	20.547794359089	0	NaN
4	14	3	11.8515463922589	0	NaN
5	14	3	8.67628606606796	0	NaN
6	14	3	13.3492016503257	0	NaN
7	14	3	7.30766321471961	0	NaN
8	14	3	8.80315346482621	0	NaN
9	14	3	14.614257491107	0	NaN
10	14	3	17.5523043061822	0	NaN
11	14	3	11.9616678313645	0	NaN
12	14	3	14.0260824523286	0	NaN
1	14	10	11.9405839111594	0	NaN
2	14	10	13.6279947046498	0	NaN
3	14	10	20.547794359089	0	NaN
4	14	10	11.8515463922589	0	NaN
5	14	10	8.67628606606796	0	NaN
6	14	10	13.3492016503257	0	NaN
7	14	10	7.30766321471961	0	NaN
8	14	10	8.80315346482621	0	NaN
9	14	10	14.614257491107	0	NaN
10	14	10	17.5523043061822	0	NaN
11	14	10	11.9616678313645	0	NaN
12	14	10	14.0260824523286	0	NaN
1	16	1e-11	11.9405839111594	10.7492496548349	0.928608872309778
2	16	1e-11	13.6279947046498	12.6320308059836	0.924983569294355
3	16	1e-11	20.547794359089	19.9628795696803	0.87128724762223
4	16	1e-11	11.8515463922589	37.6835765461837	0.924764458647445
5	16	1e-11	8.67628606606796	12.278827082311	0.992640025048511
6	16	1e-11	13.3492016503257	10.0892026860782	0.965308808935208
7	16	1e-11	7.30766321471961	3.12527949587783	0.90445302418997
8	16	1e-11	8.80315346482621	12.7518677302557	0.915460271712646
9	16	1e-11	14.614257491107	12.5651456200274	0.923625126233437
10	16	1e-11	17.5523043061822	4.87203869940094	0.911445594210793
11	16	1e-11	11.9616678313645	10.0141097569752	0.924876516263781
12	16	1e-11	14.0260824523286	13.1140090442812	0.924567768087055
1	16	1e-05	11.9405839111594	10.7484802232814	0.928608866518473
2	16	1e-05	13.6279947046498	12.6323835729334	0.924983579033687
3	16	1e-05	20.547794359089	19.9610833153761	0.871287238910012
4	16	1e-05	11.8515463922589	37.2338045369306	0.924764467658542
5	16	1e-05	8.67628606606796	12.2780993171675	0.992640019377062
6	16	1e-05	13.3492016503257	10.0884043859502	0.965308805059903
7	16	1e-05	7.30766321471961	3.12740168557622	0.904452932727967
8	16	1e-05	8.80315346482621	12.7481137625432	0.915460292016999
9	16	1e-05	14.614257491107	12.5661817063892	0.923625122833128
10	16	1e-05	17.5523043061822	4.86791799624765	0.911445579043006
11	16	1e-05	11.9616678313645	10.0106050119584	0.924876517636681
12	16	1e-05	14.0260824523286	13.1196503360947	0.924567724063485
1	16	0.001	11.9405839111594	5.86989785657705	0.928575505905536
2	16	0.001	13.6279947046498	12.9932680411802	0.924976806355976
3	16	0.001	20.547794359089	3.29251004264146	0.871280621332729
4	16	0.001	11.8515463922589	16.8468995641738	0.924742372600111
5	16	0.001	8.67628606606796	5.86839876996538	0.992601562268061
6	16	0.001	13.3492016503257	5.87203899424548	0.965276538672028
7	16	0.001	7.30766321471961	-3.3520962180652	0.904440856784078
8	16	0.001	8.80315346482621	3.98671838185819	0.91545243452891
9	16	0.001	14.614257491107	9.20396562939897	0.923619573034904
10	16	0.001	17.5523043061822	1.89006407329435	0.911415411986128
11	16	0.001	11.9616678313645	7.6808253772564	0.924852398296866
12	16	0.001	14.0260824523286	1.29937412935877	0.924557125589906
1	16	0.2	11.9405839111594	0	0.810484272522338
2	16	0.2	13.6279947046498	1.98571169786085	0.801991525154867
3	16	0.2	20.547794359089	2.48500993801753	0.852179514149342
4	16	0.2	11.8515463922589	0.560080374860376	0.806456354012143
5	16	0.2	8.67628606606796	0	0.86007293484304
6	16	0.2	13.3492016503257	0	0.845970034570323
7	16	0.2	7.30766321471961	-3.20995615727268	0.758294867873688
8	16	0.2	8.80315346482621	2.42575973588213	0.831079964393858
9	16	0.2	14.614257491107	5.25194443671885	0.849454154582671
10	16	0.2	17.5523043061822	-0.210052335170566	0.823578672523279
11	16	0.2	11.9616678313645	0.233807964391541	0.807567362086752
12	16	0.2	14.0260824523286	4.10870508338	0.803351354564329
1	16	0.4	11.9405839111594	0	0.727643729171396
2	16	0.4	13.6279947046498	0	0.661964336137618
3	16	0.4	20.547794359089	1.87464246769059	0.727321862566583
4	16	0.4	11.8515463922589	1.00201039668099	0.725468396656975
5	16	0.4	8.67628606606796	0	0.785788649893332
6	16	0.4	13.3492016503257	0	0.757845027332081
7	16	0.4	7.30766321471961	-0.574368045615432	0.561931755802926
8	16	0.4	8.80315346482621	2.87005454567739	0.651744431123204
9	16	0.4	14.614257491107	3.81112377602758	0.771882847318023
10	16	0.4	17.5523043061822	0	0.648088948479073
11	16	0.4	11.9616678313645	0.233790902398476	0.725829917581954
12	16	0.4	14.0260824523286	3.64165173467995	0.739242864377329
1	16	0.5	11.9405839111594	0	0.645967841919736
2	16	0.5	13.6279947046498	0	0.621959909875765
3	16	0.5	20.547794359089	1.35718931932	0.628929320809493
4	16	0.5	11.8515463922589	2.75103301337713	0.644402320571642
5	16	0.5	8.67628606606796	0	0.740985113807254
6	16	0.5	13.3492016503257	0	0.673384110896779
7	16	0.5	7.30766321471961	0.613277686618239	0.354823873607864
8	16	0.5	8.80315346482621	2.8701098267809	0.520227608409335
9	16	0.5	14.614257491107	3.08036618204987	0.668640753973804
10	16	0.5	17.5523043061822	9.76996261670138e-16	0.585280608571701
11	16	0.5	11.9616678313645	0.233451159213037	0.644982813326559
12	16	0.5	14.0260824523286	3.24840508765297	0.695602051926902
1	16	0.6	11.9405839111594	0	0.578543304249293
2	16	0.6	13.6279947046498	0	0.552093220989959
3	16	0.6	20.547794359089	0.983124997519579	0.353828002712698
4	16	0.6	11.8515463922589	2.16105433934114	0.539036265464127
5	16	0.6	8.67628606606796	0	0.666055897325642
6	16	0.6	13.3492016503257	0	0.601850107087674
7	16	0.6	7.30766321471961	1.47302201303556	0.173669120247851
8	16	0.6	8.80315346482621	3.25458355982728	0.419836447942156
9	16	0.6	14.614257491107	2.53036479624515	0.589548499746529
10	16	0.6	17.5523043061822	4.88498130835069e-16	0.465690585842074
11	16	0.6	11.9616678313645	0	0.556500759845715
12	16	0.6	14.0260824523286	2.69841457903011	0.620845724880841
1	16	1	11.9405839111594	0	0.228721369488626
2	16	1	13.6279947046498	0	0.273394855402234
3	16	1	20.547794359089	0.0255480788756581	0.151299291759502
4	16	1	11.8515463922589	1.76474301225839	0.280674414065649
5	16	1	8.67628606606796	0	0.17350772111014
6	16	1	13.3492016503257	0	0.265737209265942
7	16	1	7.30766321471961	1.4264412751205	0.142327591510907
8	16	1	8.80315346482621	2.37461790631714	0.419836447942155
9	16	1	14.614257491107	1.21222940187945	0.211043538078926
10	16	1	17.5523043061822	0	0.167678659528214
11	16	1	11.9616678313645	0	0.229197995445561
12	16	1	14.0260824523286	1.32983200492032	0.223057862512075
1	16	2	11.9405839111594	0	NaN
2	16	2	13.6279947046498	0	0.273394855402234
3	16	2	20.547794359089	0	NaN
4	16	2	11.8515463922589	0	NaN
5	16	2	8.67628606606796	0	NaN
6	16	2	13.3492016503257	0	0.0995983687189167
7	16	2	7.30766321471961	0.0512761496586478	0.142327591510907
8	16	2	8.80315346482621	0.174467573723801	0.419836447942155
9	16	2	14.614257491107	0	NaN
10	16	2	17.5523043061822	0	NaN
11	16	2	11.9616678313645	0	NaN
12	16	2	14.0260824523286	0	NaN
1	16	3	11.9405839111594	0	NaN
2	16	3	13.6279947046498	0	NaN
3	16	3	20.547794359089	0	NaN
4	16	3	11.8515463922589	0	NaN
5	16	3	8.67628606606796	0	NaN
6	16	3	13.3492016503257	0	NaN
7	16	3	7.30766321471961	0	NaN
8	16	3	8.80315346482621	0	NaN
9	16	3	14.614257491107	0	NaN
10	16	3	17.5523043061822	0	NaN
11	16	3	11.9616678313645	0	NaN
12	16	3	14.0260824523286	0	NaN
1	16	10	11.9405839111594	0	NaN
2	16	10	13.6279947046498	0	NaN
3	16	10	20.547794359089	0	NaN
4	16	10	11.8515463922589	0	NaN
5	16	10	8.67628606606796	0	NaN
6	16	10	13.3492016503257	0	NaN
7	16	10	7.30766321471961	0	NaN
8	16	10	8.80315346482621	0	NaN
9	16	10	14.614257491107	0	NaN
10	16	10	17.5523043061822	0	NaN
11	16	10	11.9616678313645	0	NaN
12	16	10	14.0260824523286	0	NaN
1	28	1e-11	11.9405839111594	10.8169906874624	0.928608865964076
2	28	1e-11	13.6279947046498	10.0129686807719	0.924983499835066
3	28	1e-11	20.547794359089	22.0611741541334	0.871287172141023
4	28	1e-11	11.8515463922589	14.0209490697306	0.924764461468922
5	28	1e-11	8.67628606606796	12.231297603041	0.992640027010512
6	28	1e-11	13.3492016503257	10.2065488096476	0.965308794361402
7	28	1e-11	7.30766321471961	2.94237397349489	0.904453155489676
8	28	1e-11	8.80315346482621	13.0482642213674	0.915460317871167
9	28	1e-11	14.614257491107	17.3778878266851	0.923625108506037
10	28	1e-11	17.5523043061822	13.8928959428201	0.911445600924267
11	28	1e-11	11.9616678313645	10.3221694451249	0.9248765135853
12	28	1e-11	14.0260824523286	13.0582277010126	0.924567759196355
1	28	1e-05	11.9405839111594	10.8170283846512	0.928608863739919
2	28	1e-05	13.6279947046498	10.015881090271	0.924983487131032
3	28	1e-05	20.547794359089	22.0529858430871	0.871287126973594
4	28	1e-05	11.8515463922589	14.0237290850245	0.924764464090545
5	28	1e-05	8.67628606606796	12.2311404113866	0.992640019134018
6	28	1e-05	13.3492016503257	10.2065919760392	0.96530879003594
7	28	1e-05	7.30766321471961	2.93803119928801	0.904453166034429
8	28	1e-05	8.80315346482621	13.0509825896291	0.915460331452497
9	28	1e-05	14.614257491107	17.3718702863402	0.923625110847637
10	28	1e-05	17.5523043061822	13.8905243092425	0.911445605752992
11	28	1e-05	11.9616678313645	10.3208809458406	0.924876517181442
12	28	1e-05	14.0260824523286	13.0470949990988	0.924567780491417
1	28	0.001	11.9405839111594	10.8822417528252	0.928565140871372
2	28	0.001	13.6279947046498	15.0995103260147	0.924976433688339
3	28	0.001	20.547794359089	4.28063255334293	0.871284228899953
4	28	0.001	11.8515463922589	14.9048725719895	0.924734218273135
5	28	0.001	8.67628606606796	12.3292057159636	0.992589020966542
6	28	0.001	13.3492016503257	10.2586309539221	0.965264557662861
7	28	0.001	7.30766321471961	3.32465318176118	0.904446277768227
8	28	0.001	8.80315346482621	10.9007838226675	0.915454685605897
9	28	0.001	14.614257491107	16.1019481585111	0.92361016644905
10	28	0.001	17.5523043061822	13.3834139706361	0.911411325216032
11	28	0.001	11.9616678313645	12.9856006512449	0.924850275279323
12	28	0.001	14.0260824523286	9.27160360275575	0.92456090260947
1	28	0.2	11.9405839111594	3.00507568136328	0.81043542604602
2	28	0.2	13.6279947046498	5.11560268995178	0.801996504231896
3	28	0.2	20.547794359089	4.78386518236806	0.795624145847858
4	28	0.2	11.8515463922589	3.56040899816963	0.806488056099598
5	28	0.2	8.67628606606796	3.00505645564806	0.860052722463782
6	28	0.2	13.3492016503257	3.00511140335961	0.845904638771144
7	28	0.2	7.30766321471961	-0.497025760073689	0.758417821389852
8	28	0.2	8.80315346482621	9.74428562591445	0.841245322130239
9	28	0.2	14.614257491107	8.34955330679943	0.849562803627886
10	28	0.2	17.5523043061822	7.18783280943472	0.823572881821538
11	28	0.2	11.9616678313645	3.33996420549543	0.807584585323862
12	28	0.2	14.0260824523286	7.22215508569579	0.803387770826277
1	28	0.4	11.9405839111594	2.67820523412199	0.727631321374948
2	28	0.4	13.6279947046498	3.41087514257083	0.65131824621376
3	28	0.4	20.547794359089	3.37859070159746	0.727133445342351
4	28	0.4	11.8515463922589	3.71062467025722	0.72540015061131
5	28	0.4	8.67628606606796	2.67820224166784	0.76959329016305
6	28	0.4	13.3492016503257	2.67820789587884	0.757830265676858
7	28	0.4	7.30766321471961	1.02961301765099	0.56187040440862
8	28	0.4	8.80315346482621	8.21305653580329	0.686884273597024
9	28	0.4	14.614257491107	6.55502966877657	0.771879815708279
10	28	0.4	17.5523043061822	4.96411141232019	0.647969333063459
11	28	0.4	11.9616678313645	3.01301978883936	0.72575211344538
12	28	0.4	14.0260824523286	6.61328424371063	0.739238267464371
1	28	0.5	11.9405839111594	2.67808809369616	0.645975861059783
2	28	0.5	13.6279947046498	2.96050535766822	0.591085861432551
3	28	0.5	20.547794359089	2.6660751856272	0.628700113339885
4	28	0.5	11.8515463922589	3.71026664758523	0.644333783914399
5	28	0.5	8.67628606606796	2.67809132018725	0.677184905382628
6	28	0.5	13.3492016503257	2.67811396471094	0.673314960327832
7	28	0.5	7.30766321471961	1.75640166300657	0.354717040232962
8	28	0.5	8.80315346482621	7.04412126548605	0.539037686281792
9	28	0.5	14.614257491107	5.73225372587074	0.668486267551885
10	28	0.5	17.5523043061822	4.25135501209703	0.585156747378762
11	28	0.5	11.9616678313645	3.01285650688003	0.644912263216935
12	28	0.5	14.0260824523286	6.02627577454827	0.695451864683289
1	28	0.6	11.9405839111594	2.50119302431588	0.578370471449543
2	28	0.6	13.6279947046498	2.51029710217085	0.49207543435552
3	28	0.6	20.547794359089	1.93842159105927	0.301726177898182
4	28	0.6	11.8515463922589	3.99308220052399	0.538870426819894
5	28	0.6	8.67628606606796	2.50075294816679	0.60001238576684
6	28	0.6	13.3492016503257	2.501327850642	0.60166598869354
7	28	0.6	7.30766321471961	2.14486501788981	0.173698335726542
8	28	0.6	8.80315346482621	6.51248292667137	0.421011156355811
9	28	0.6	14.614257491107	4.90674423607833	0.589371592471705
10	28	0.6	17.5523043061822	3.43676318733509	0.460409069256026
11	28	0.6	11.9616678313645	2.66181133800701	0.551140106312063
12	28	0.6	14.0260824523286	5.20078355353582	0.620675812587971
1	28	1	11.9405839111594	1.7674559268842	0.228721059558032
2	28	1	13.6279947046498	1.41203713832136	0.282354490044542
3	28	1	20.547794359089	0.261106592181716	0.0653971874127277
4	28	1	11.8515463922589	3.53188392964175	0.280037046348133
5	28	1	8.67628606606796	1.76705662482348	0.164078827519303
6	28	1	13.3492016503257	1.76769915057978	0.26573449627109
7	28	1	7.30766321471961	1.42642852958621	0.142327591510907
8	28	1	8.80315346482621	4.75202391501574	0.420058742170613
9	28	1	14.614257491107	2.42628059687066	0.208348087113225
10	28	1	17.5523043061822	1.25064193836456	0.153766816680728
11	28	1	11.9616678313645	1.41198817161659	0.22926748514924
12	28	1	14.0260824523286	2.66176426497059	0.221033645087037
1	28	2	11.9405839111594	0	NaN
2	28	2	13.6279947046498	0	0.158322504886194
3	28	2	20.547794359089	0	NaN
4	28	2	11.8515463922589	0	NaN
5	28	2	8.67628606606796	0.370076272639863	0.15754425904678
6	28	2	13.3492016503257	0	0.0995983687189167
7	28	2	7.30766321471961	0.0512497794496481	0.142327591510907
8	28	2	8.80315346482621	0.354190837143408	0.154639945850428
9	28	2	14.614257491107	0	NaN
10	28	2	17.5523043061822	0	NaN
11	28	2	11.9616678313645	0	0.097350613574622
12	28	2	14.0260824523286	0	NaN
1	28	3	11.9405839111594	0	NaN
2	28	3	13.6279947046498	0	0.158322504886194
3	28	3	20.547794359089	0	NaN
4	28	3	11.8515463922589	0	NaN
5	28	3	8.67628606606796	0	NaN
6	28	3	13.3492016503257	0	NaN
7	28	3	7.30766321471961	0	NaN
8	28	3	8.80315346482621	0	NaN
9	28	3	14.614257491107	0	NaN
10	28	3	17.5523043061822	0	NaN
11	28	3	11.9616678313645	0	NaN
12	28	3	14.0260824523286	0	NaN
1	28	10	11.9405839111594	0	NaN
2	28	10	13.6279947046498	0	NaN
3	28	10	20.547794359089	0	NaN
4	28	10	11.8515463922589	0	NaN
5	28	10	8.67628606606796	0	NaN
6	28	10	13.3492016503257	0	NaN
7	28	10	7.30766321471961	0	NaN
8	28	10	8.80315346482621	0	NaN
9	28	10	14.614257491107	0	NaN
10	28	10	17.5523043061822	0	NaN
11	28	10	11.9616678313645	0	NaN
12	28	10	14.0260824523286	0	NaN
1	42	1e-11	11.9405839111594	3.08905171149588	0.701927042180552
2	42	1e-11	13.6279947046498	13.045531255516	0.85497140793983
3	42	1e-11	20.547794359089	6.44313676985295	0.751160780138693
4	42	1e-11	11.8515463922589	0.714100853222848	0.760701725621097
5	42	1e-11	8.67628606606796	4.7925640132384	0.735459663215581
6	42	1e-11	13.3492016503257	2.35394002583791	0.739579539599871
7	42	1e-11	7.30766321471961	2.93612589593785	0.666765226982412
8	42	1e-11	8.80315346482621	2.2048093860199	0.663391680133098
9	42	1e-11	14.614257491107	1.23770524115556	0.693229853463711
10	42	1e-11	17.5523043061822	-0.58569471566382	0.644309213141946
11	42	1e-11	11.9616678313645	-2.35215428349195	0.698256243327995
12	42	1e-11	14.0260824523286	26.7568773887325	0.697016120890322
1	42	1e-05	11.9405839111594	3.08969195476092	0.701927018029539
2	42	1e-05	13.6279947046498	13.0461458936588	0.854971395162239
3	42	1e-05	20.547794359089	6.44295369306876	0.751160854864832
4	42	1e-05	11.8515463922589	0.715031914306125	0.76070167980149
5	42	1e-05	8.67628606606796	4.79318857216203	0.735459626950895
6	42	1e-05	13.3492016503257	2.35457072267821	0.739579520761404
7	42	1e-05	7.30766321471961	2.93693322665117	0.666765185662822
8	42	1e-05	8.80315346482621	2.20574236875773	0.663391628531734
9	42	1e-05	14.614257491107	1.23931273481508	0.693229867005722
10	42	1e-05	17.5523043061822	-0.585025976992241	0.644309183420032
11	42	1e-05	11.9616678313645	-2.35327253993553	0.698256261669957
12	42	1e-05	14.0260824523286	26.7559848977252	0.697016143440776
1	42	0.001	11.9405839111594	1.41613380801846	0.701921688294975
2	42	0.001	13.6279947046498	14.0270057322703	0.854966273704493
3	42	0.001	20.547794359089	0.611094002583039	0.751151014413699
4	42	0.001	11.8515463922589	-1.69255506461392	0.76069658054427
5	42	0.001	8.67628606606796	1.50204013396263	0.735453813847949
6	42	0.001	13.3492016503257	1.37730041964032	0.739574331937917
7	42	0.001	7.30766321471961	0.579386524155769	0.666758945431603
8	42	0.001	8.80315346482621	-0.168358600897585	0.663386076991055
9	42	0.001	14.614257491107	4.86246907005107	0.693225377999233
10	42	0.001	17.5523043061822	-0.586370870364657	0.644309009153112
11	42	0.001	11.9616678313645	-2.89157117536637	0.698251246550082
12	42	0.001	14.0260824523286	8.65058951577811	0.697010888495475
1	42	0.2	11.9405839111594	0	0.631164735803884
2	42	0.2	13.6279947046498	5.58209402536313	0.722949276704027
3	42	0.2	20.547794359089	2.00720279480642	0.655656518346275
4	42	0.2	11.8515463922589	-2.16725150287488	0.689767849875767
5	42	0.2	8.67628606606796	0	0.656845189464205
6	42	0.2	13.3492016503257	0	0.667321347110436
7	42	0.2	7.30766321471961	0.104900855846876	0.565671986038063
8	42	0.2	8.80315346482621	-0.642910760932589	0.578498713509418
9	42	0.2	14.614257491107	4.01538509260745	0.639646623329969
10	42	0.2	17.5523043061822	-0.586217810652956	0.613369164102683
11	42	0.2	11.9616678313645	-1.26750115188132	0.627805137562047
12	42	0.2	14.0260824523286	4.16384165742194	0.66093114305077
1	42	0.4	11.9405839111594	0	0.619719232467876
2	42	0.4	13.6279947046498	3.16332038101707	0.668679466930279
3	42	0.4	20.547794359089	1.43358837414425	0.632986923232725
4	42	0.4	11.8515463922589	-1.06741190346329	0.677297419338028
5	42	0.4	8.67628606606796	0	0.655159311420044
6	42	0.4	13.3492016503257	0	0.645389923473916
7	42	0.4	7.30766321471961	1.0171101834136	0.493438210952389
8	42	0.4	8.80315346482621	0.457569380370892	0.524430493564513
9	42	0.4	14.614257491107	2.9166085913624	0.631355588403998
10	42	0.4	17.5523043061822	9.76996261670138e-15	0.575447044695256
11	42	0.4	11.9616678313645	-0.534144044595791	0.618356770775064
12	42	0.4	14.0260824523286	3.06401636466422	0.652421917501318
1	42	0.5	11.9405839111594	0	0.601402592267393
2	42	0.5	13.6279947046498	2.61345137291421	0.653316440983251
3	42	0.5	20.547794359089	0.883501477586836	0.587127428327395
4	42	0.5	11.8515463922589	-0.516803911509632	0.656337229696332
5	42	0.5	8.67628606606796	0	0.65207809025566
6	42	0.5	13.3492016503257	0	0.613735199622883
7	42	0.5	7.30766321471961	1.38379270251119	0.399309759210753
8	42	0.5	8.80315346482621	0.885280001297669	0.458559250263643
9	42	0.5	14.614257491107	2.36675535923141	0.615659418899347
10	42	0.5	17.5523043061822	1.52655665885959e-16	0.556157176872303
11	42	0.5	11.9616678313645	-0.167612253152535	0.60301573672287
12	42	0.5	14.0260824523286	2.51392943994227	0.636962683844103
1	42	0.6	11.9405839111594	0	0.55701225886129
2	42	0.6	13.6279947046498	2.06334714654972	0.610311438128104
3	42	0.6	20.547794359089	0.39420639007171	0.26534365264885
4	42	0.6	11.8515463922589	0.0334507339503067	0.602574604236327
5	42	0.6	8.67628606606796	0	0.642806837958696
6	42	0.6	13.3492016503257	0	0.547294604336837
7	42	0.6	7.30766321471961	1.75042228127051	0.230976997400122
8	42	0.6	8.80315346482621	1.25191249559681	0.330628513787125
9	42	0.6	14.614257491107	1.81678147524358	0.567563285688456
10	42	0.6	17.5523043061822	5.03763697423665e-15	0.465214730007777
11	42	0.6	11.9616678313645	0.1991012503891	0.56475395251695
12	42	0.6	14.0260824523286	1.96382520320058	0.592163696908501
1	42	1	11.9405839111594	0	0.0592452486373632
2	42	1	13.6279947046498	0.636277651922193	0.0575994916735503
3	42	1	20.547794359089	0	NaN
4	42	1	11.8515463922589	0.858388079193745	0.0712293362407361
5	42	1	8.67628606606796	0	NaN
6	42	1	13.3492016503257	0	0.0995983687189166
7	42	1	7.30766321471961	1.42642565739226	0.142327591510907
8	42	1	8.80315346482621	1.23946549018135	0.109683429977556
9	42	1	14.614257491107	0.513028587197423	0.0516729723619661
10	42	1	17.5523043061822	0	0.0388690399472676
11	42	1	11.9616678313645	0.844632283823175	0.0702491183658558
12	42	1	14.0260824523286	0.586563595068726	0.0550879140669494
1	42	2	11.9405839111594	0	NaN
2	42	2	13.6279947046498	0	NaN
3	42	2	20.547794359089	0	NaN
4	42	2	11.8515463922589	0	NaN
5	42	2	8.67628606606796	0	NaN
6	42	2	13.3492016503257	0	0.0995983687189167
7	42	2	7.30766321471961	0.0512668357378717	0.142327591510907
8	42	2	8.80315346482621	0	NaN
9	42	2	14.614257491107	0	NaN
10	42	2	17.5523043061822	0	NaN
11	42	2	11.9616678313645	0	NaN
12	42	2	14.0260824523286	0	NaN
1	42	3	11.9405839111594	0	NaN
2	42	3	13.6279947046498	0	NaN
3	42	3	20.547794359089	0	NaN
4	42	3	11.8515463922589	0	NaN
5	42	3	8.67628606606796	0	NaN
6	42	3	13.3492016503257	0	NaN
7	42	3	7.30766321471961	0	NaN
8	42	3	8.80315346482621	0	NaN
9	42	3	14.614257491107	0	NaN
10	42	3	17.5523043061822	0	NaN
11	42	3	11.9616678313645	0	NaN
12	42	3	14.0260824523286	0	NaN
1	42	10	11.9405839111594	0	NaN
2	42	10	13.6279947046498	0	NaN
3	42	10	20.547794359089	0	NaN
4	42	10	11.8515463922589	0	NaN
5	42	10	8.67628606606796	0	NaN
6	42	10	13.3492016503257	0	NaN
7	42	10	7.30766321471961	0	NaN
8	42	10	8.80315346482621	0	NaN
9	42	10	14.614257491107	0	NaN
10	42	10	17.5523043061822	0	NaN
11	42	10	11.9616678313645	0	NaN
12	42	10	14.0260824523286	0	NaN
1	44	1e-11	11.9405839111594	11.3125899040838	0.928608857239605
2	44	1e-11	13.6279947046498	14.8570392093207	0.924983565204983
3	44	1e-11	20.547794359089	21.3201745167968	0.871287229786964
4	44	1e-11	11.8515463922589	26.5071652940435	0.924764430986127
5	44	1e-11	8.67628606606796	12.9953071320377	0.99264001150546
6	44	1e-11	13.3492016503257	10.5864830955697	0.965308783816869
7	44	1e-11	7.30766321471961	7.34723804280718	0.904453065356328
8	44	1e-11	8.80315346482621	10.9663487052091	0.915460357533974
9	44	1e-11	14.614257491107	12.5022471886202	0.923625073386513
10	44	1e-11	17.5523043061822	14.9948301845692	0.911445601264262
11	44	1e-11	11.9616678313645	3.12338282218757	0.924876358676132
12	44	1e-11	14.0260824523286	17.5738080987347	0.924567729776085
1	44	1e-05	11.9405839111594	11.3048433569648	0.928608862569304
2	44	1e-05	13.6279947046498	14.8912304017765	0.924983562390415
3	44	1e-05	20.547794359089	21.3138735726502	0.871287233759405
4	44	1e-05	11.8515463922589	26.4915199490645	0.924764439045497
5	44	1e-05	8.67628606606796	12.9870407070732	0.992640001751727
6	44	1e-05	13.3492016503257	10.5792938993648	0.965308792997513
7	44	1e-05	7.30766321471961	7.33801766639245	0.904453004557381
8	44	1e-05	8.80315346482621	10.9639340441773	0.915460379755624
9	44	1e-05	14.614257491107	12.4978574835668	0.92362509342029
10	44	1e-05	17.5523043061822	14.9469749139287	0.911445595588003
11	44	1e-05	11.9616678313645	3.12608318199315	0.924876359543402
12	44	1e-05	14.0260824523286	17.5697100455345	0.924567771009943
1	44	0.001	11.9405839111594	5.87083814363797	0.928587070518442
2	44	0.001	13.6279947046498	13.0607337880955	0.924976430058661
3	44	0.001	20.547794359089	4.19295315217996	0.871264477353144
4	44	0.001	11.8515463922589	6.90980806615582	0.924740087231438
5	44	0.001	8.67628606606796	5.86899137531381	0.992615061232894
6	44	0.001	13.3492016503257	5.86988509876902	0.96528660136786
7	44	0.001	7.30766321471961	-2.93991635871277	0.90444506597426
8	44	0.001	8.80315346482621	8.23595448817118	0.915452843733174
9	44	0.001	14.614257491107	9.20359190376245	0.923618101883135
10	44	0.001	17.5523043061822	2.36104265544853	0.911407750153027
11	44	0.001	11.9616678313645	-4.0355237202122	0.924854653340887
12	44	0.001	14.0260824523286	8.88895121064471	0.924545371152276
1	44	0.2	11.9405839111594	1.30261172412945	0.800414784606133
2	44	0.2	13.6279947046498	1.72651435195276	0.757192321156587
3	44	0.2	20.547794359089	2.4370958488746	0.853340491198922
4	44	0.2	11.8515463922589	0.434616537157689	0.784621550052754
5	44	0.2	8.67628606606796	1.30107527253366	0.84900230747023
6	44	0.2	13.3492016503257	1.30261172423472	0.835628685419205
7	44	0.2	7.30766321471961	-1.71850892972598	0.71262396562135
8	44	0.2	8.80315346482621	3.48274281841434	0.79587998060931
9	44	0.2	14.614257491107	5.25416402931024	0.7893121944812
10	44	0.2	17.5523043061822	-0.594183934928399	0.810832993833895
11	44	0.2	11.9616678313645	-3.62375342886725	0.796904765161934
12	44	0.2	14.0260824523286	5.28103513427746	0.792655523116758
1	44	0.4	11.9405839111594	0	0.680499852450354
2	44	0.4	13.6279947046498	0	0.66196619722008
3	44	0.4	20.547794359089	1.81129387080908	0.740691179177359
4	44	0.4	11.8515463922589	0.330999074502911	0.6835114549361
5	44	0.4	8.67628606606796	0	0.733991925009471
6	44	0.4	13.3492016503257	0	0.712150732704726
7	44	0.4	7.30766321471961	0.348797138225913	0.516145465063511
8	44	0.4	8.80315346482621	2.29186550253065	0.601604214138319
9	44	0.4	14.614257491107	3.63857789499816	0.708551244873014
10	44	0.4	17.5523043061822	2.28983498828939e-16	0.631925403283434
11	44	0.4	11.9616678313645	-2.42766412727529	0.67814279160606
12	44	0.4	14.0260824523286	3.81153162717746	0.73599688799903
1	44	0.5	11.9405839111594	0	0.644022032015101
2	44	0.5	13.6279947046498	0	0.621963514932797
3	44	0.5	20.547794359089	1.38509857045194	0.595468356631091
4	44	0.5	11.8515463922589	0.851981629038408	0.630723756716325
5	44	0.5	8.67628606606796	0	0.712880259865881
6	44	0.5	13.3492016503257	0	0.671474175917091
7	44	0.5	7.30766321471961	0.933929314923034	0.407819778529127
8	44	0.5	8.80315346482621	2.82156310128218	0.515010432543803
9	44	0.5	14.614257491107	3.08041165605738	0.668616884957564
10	44	0.5	17.5523043061822	8.85402862138562e-16	0.583287305002289
11	44	0.5	11.9616678313645	-2.02773870819891	0.633768403182515
12	44	0.5	14.0260824523286	3.24845982595077	0.695574974313571
1	44	0.6	11.9405839111594	0	0.578513849780588
2	44	0.6	13.6279947046498	0	0.552093176371228
3	44	0.6	20.547794359089	0.983670884749502	0.353308057499957
4	44	0.6	11.8515463922589	1.35197784155377	0.539036252283352
5	44	0.6	8.67628606606796	0	0.667958155818562
6	44	0.6	13.3492016503257	0	0.601841579449199
7	44	0.6	7.30766321471961	1.33395064140914	0.240965656617854
8	44	0.6	8.80315346482621	3.25462392064607	0.419836447942155
9	44	0.6	14.614257491107	2.53040597951005	0.589521873079036
10	44	0.6	17.5523043061822	1.70974345792274e-15	0.465689475137248
11	44	0.6	11.9616678313645	-1.56998789477295	0.556486579561275
12	44	0.6	14.0260824523286	2.69845446039279	0.620821973527574
1	44	1	11.9405839111594	0	0.228721369488626
2	44	1	13.6279947046498	0	0.273394855402234
3	44	1	20.547794359089	0.0255480788756581	0.151299291759502
4	44	1	11.8515463922589	1.76472362305485	0.280674414065649
5	44	1	8.67628606606796	0	0.17350772111014
6	44	1	13.3492016503257	0	0.265737266440936
7	44	1	7.30766321471961	1.42643990440584	0.142327591510907
8	44	1	8.80315346482621	2.37455783229171	0.419836447942155
9	44	1	14.614257491107	1.21221414638076	0.211043538078926
10	44	1	17.5523043061822	0	0.167678659528214
11	44	1	11.9616678313645	0	0.229197995445561
12	44	1	14.0260824523286	1.32984002855292	0.223057862512075
1	44	2	11.9405839111594	0	NaN
2	44	2	13.6279947046498	0	0.273394855402234
3	44	2	20.547794359089	0	NaN
4	44	2	11.8515463922589	0	NaN
5	44	2	8.67628606606796	0	NaN
6	44	2	13.3492016503257	0	0.0995983687189167
7	44	2	7.30766321471961	0.0512761496586478	0.142327591510907
8	44	2	8.80315346482621	0.174467573723801	0.419836447942155
9	44	2	14.614257491107	0	NaN
10	44	2	17.5523043061822	0	NaN
11	44	2	11.9616678313645	0	NaN
12	44	2	14.0260824523286	0	NaN
1	44	3	11.9405839111594	0	NaN
2	44	3	13.6279947046498	0	NaN
3	44	3	20.547794359089	0	NaN
4	44	3	11.8515463922589	0	NaN
5	44	3	8.67628606606796	0	NaN
6	44	3	13.3492016503257	0	NaN
7	44	3	7.30766321471961	0	NaN
8	44	3	8.80315346482621	0	NaN
9	44	3	14.614257491107	0	NaN
10	44	3	17.5523043061822	0	NaN
11	44	3	11.9616678313645	0	NaN
12	44	3	14.0260824523286	0	NaN
1	44	10	11.9405839111594	0	NaN
2	44	10	13.6279947046498	0	NaN
3	44	10	20.547794359089	0	NaN
4	44	10	11.8515463922589	0	NaN
5	44	10	8.67628606606796	0	NaN
6	44	10	13.3492016503257	0	NaN
7	44	10	7.30766321471961	0	NaN
8	44	10	8.80315346482621	0	NaN
9	44	10	14.614257491107	0	NaN
10	44	10	17.5523043061822	0	NaN
11	44	10	11.9616678313645	0	NaN
12	44	10	14.0260824523286	0	NaN
